0111111111111100000000000000
1010101010101000101010101010
1101100001011000001111010010
1010001111010010011000010110
1110011000010100100011110100
1000100011110111100110000100
1101100110000101001000111100
1001001000111111011001100000
1101011001100001010010001110
1011010010001110010110011000
1100010110011001110100100010
1011110100100010000101100110
1110000101100100111101001000
1000111101001011100001011000
0001010101010101010101010101
0000011110100110110000101101
0100110000101101000111101001
0001000111101011001100001011
0111001100001000010001111011
0010010001111010110011000011
0110110011000000100100011111
0010100100011110101100110001
0100101100110001101001000111
0011101001000110001011001101
0100001011001101111010010001
0001111010010011000010110011
0111000010110000011110100101
0000000000000011111111111110