32
01111111111111110000000000000000
10111111110000000000000001111110
11011110001110000000001110001110
11101101001001100000010110110010
11110100100101010000011011010100
11111000010010110000011101101000
11100001111110000011100000001110
11010010111001100101100000110010
11001011010101010110100001010100
11000111100010110111000001101000
10110011000111101001100110000010
10101010101011011010101010000100
10100110011100111011001100001000
10011001101100111100110010010000
10010101011011011101010100100000
10001100110111101110011001000000
00000000001111110111111110000001
00000001110001111011110001110001
00000010110110011101101001001101
00000011011010101110100100101011
00000011101101001111000010010111
00011100000001111100001111110001
00101100000110011010010111001101
00110100001010101001011010101011
00111000001101001000111100010111
01001100110000010110011000111101
01010101010000100101010101011011
01011001100001000100110011100111
01100110010010000011001101100111
01101010100100000010101011011011
01110011001000000001100110111101
00000000000000001111111111111110