36
011111111111111111000000000000000000
101010101010101010001010101010101010
110111010011000010000001011001111010
101000010110011110100111010011000010
111001110100110000001000010110011110
101010000101100111101001110100110000
110010011101001100011010000101100110
101110100001011001100010011101001100
110000100111010011011110100001011000
100111101000010110110000100111010010
111100001001110100000111101000010110
101001111010000101101100001001110100
110011000010011101011001111010000100
100110011110100001110011000010011100
110100110000100111010110011110100000
100101100111101000110100110000100110
111101001100001001000101100111101000
100001011001111010111101001100001000
000101010101010101010101010101010101
000000101100111101101110100110000101
010011101001100001010000101100111101
000100001011001111110011101001100001
010100111010011000010100001011001111
001101000010110011100100111010011001
010001001110100110011101000010110011
001111010000101100100001001110100111
011000010011101001001111010000101101
000011110100001011111000010011101001
010110000100111010010011110100001011
001100111101000010100110000100111011
011001100001001110001100111101000011
001011001111010000101001100001001111
011010011000010011001011001111010001
000010110011110100111010011000010011
011110100110000100000010110011110101
000000000000000000111111111111111110