56
00000000000000000000000000001111111111111111111111111110
00111111111100000000000000000000000000011111111111111111
01010000000011111111000000000001111111100000000111111111
01100000000000000000111111110001111111111111111000000001
01000100000011110000111100000110011111100001111000011111
01001000000000001111000011110110011111111110000111100001
01000001000011001100110011000111100111100110011001100111
01000010000000110011001100110111100111111001100110011001
01000000010010101010101010100111111001101010101010101011
01000000100001010101010101010111111001110101010101010101
01000000000110010110011010010111111110001101001100101101
01000000001001101001100101100111111110010010110011010011
00101010101000000001000101111010101010101111110111010001
00101010010100000010001010111010101101010111101110101001
00101001100100000100010011011010110011011011011101100101
00101001011000001000100011101010110100111100111011100011
00100110100100010000011100011011001011011100111100011101
00100110011000100000101100101011001100111011011010011011
00100101101001000000110101001011010010110111101001010111
00100101010110000000111010001011010101001111110000101111
00011010100100010111000000011100101011011101000011111101
00011010011000101011000000101100101100111010100101111011
00011001101001001101000001001100110010110110010110110111
00011001010110001110000010001100110101001110001111001111
00010110101001110001000100001101001010110001110111001111
00010110010110110010001000001101001101001001101110110111
00010101100111010100010000001101010011000101011101111011
00010101011011101000100000001101010100100010111011111101
10000000000011111111111111110111111111100000000000000000
10001111111100000000111111111010000000011111111000000000
10001111111111111111000000001100000000000000000111111110
10110011111100001111000011111000100000011110000111100000
10110011111111110000111100001001000000000001111000011110
10111100111100110011001100111000001000011001100110011000
10111100111111001100110011001000010000000110011001100110
10111111001101010101010101011000000010010101010101010100
10111111001110101010101010101000000100001010101010101010
10111111110001101001100101101000000000110010110011010010
10111111110010010110011010011000000001001101001100101100
11010101010101111110111010000101010101000000001000101110
11010101101010111101110101000101010010100000010001010110
11010110011011011011101100100101001100100000100010011010
11010110100111100111011100010101001011000001000100011100
11011001011011100111100011100100110100100010000011100010
11011001100111011011010011010100110011000100000101100100
11011010010110111101001010110100101101001000000110101000
11011010101001111110000101110100101010110000000111010000
11100101011011101000011111100011010100100010111000000010
11100101100111010100101111010011010011000101011000000100
11100110010110110010110110110011001101001001101000001000
11100110101001110001111001110011001010110001110000010000
11101001010110001110111001110010110101001110001000100000
11101001101001001101110110110010110010110110010001000000
11101010011000101011101111010010101100111010100010000000
11101010100100010111011111100010101011011101000100000000
01111111111111111111111111110000000000000000000000000000